center_x = 118.88124009577703
center_y = 107.49254484109724
center_z = -140.2545013060506
size_x = 30
size_y = 30
size_z = 30
